0.4|0.4|0.4|0.4|0.4|0.4|0.4|0.4|0.4|0.4|0.4|0.4|
0.4|3.1|3.4|0.4|0.4|3.1|3.1|3.1|3.1|3.1|3.4|0.4|
0.4|3.1|3.4|0.4|0.4|3.1|3.4|3.4|3.4|3.4|3.4|0.4|
0.4|3.1|3.4|0.4|0.4|3.1|3.4|0.4|0.4|0.4|0.4|0.4|
0.4|3.1|3.4|0.4|0.4|3.1|3.4|0.4|0.4|0.4|0.4|0.4|
0.4|3.1|3.4|0.4|0.4|3.1|3.4|0.4|0.4|0.4|0.4|0.4|
0.4|3.1|3.1|3.1|3.1|3.1|3.1|3.1|3.1|3.1|3.4|0.4|
0.4|3.4|3.4|3.4|3.4|3.1|3.4|3.4|3.4|3.1|3.4|0.4|
0.4|0.4|0.4|0.4|0.4|3.1|3.4|0.4|0.4|3.1|3.4|0.4|
0.4|0.4|0.4|0.4|0.4|3.1|3.4|0.4|0.4|3.1|3.4|0.4|
0.4|0.4|0.4|0.4|0.4|3.1|3.4|0.4|0.4|3.1|3.4|0.4|
0.4|3.1|3.1|3.1|3.1|3.1|3.4|0.4|0.4|3.1|3.4|0.4|
0.4|3.4|3.4|3.4|3.4|3.4|3.4|0.4|0.4|3.4|3.4|0.4|
0.4|0.4|0.4|0.4|0.4|0.4|0.4|0.4|0.4|0.4|0.4|0.4|
