1.3|1.3|1.3|1.3|1.3|1.3|1.3|1.3|1.3|1.3|1.3|1.3|1.3|1.3|1.3|1.3|1.3|1.3|1.3|1.3|1.3|1.3|1.3|1.3|1.3|1.3|
1.3|1.3|1.3|1.3|1.3|1.3|1.3|1.3|1.3|1.3|1.3|1.3|1.3|1.3|1.3|1.3|1.3|1.3|1.3|1.3|1.3|1.3|1.3|1.3|1.3|1.3|
1.3|1.3|1.3|1.3|1.3|1.3|1.3|1.3|1.3|1.3|1.3|1.3|1.3|1.3|1.3|1.3|1.3|1.3|1.3|1.3|1.3|1.3|1.3|1.3|1.3|1.3|
1.3|1.3|1.3|1.3|1.3|1.3|1.3|1.3|0.0|0.0|0.0|0.0|0.0|0.3|1.3|1.3|1.3|1.3|1.3|1.3|1.3|1.3|1.3|1.3|1.3|1.3|
1.3|1.3|1.3|0.0|0.0|0.0|0.0|0.0|0.0|0.0|0.0|0.0|0.0|0.0|0.0|0.0|0.0|0.3|1.3|1.3|1.3|1.3|1.3|1.3|1.3|1.3|
0.0|0.0|0.0|0.0|0.0|0.0|0.0|0.0|0.0|0.0|0.0|0.0|0.0|0.0|0.0|0.0|0.0|0.0|0.0|0.0|0.3|1.3|1.3|1.3|1.3|1.3|
0.0|0.0|0.0|0.0|0.0|0.0|0.0|0.0|0.0|0.0|0.0|0.0|0.0|0.0|0.0|0.0|0.0|0.0|0.0|0.0|0.0|0.3|1.3|1.3|1.3|1.3|
0.0|0.0|0.0|0.0|0.0|0.0|0.0|0.0|0.0|0.0|0.0|0.0|0.0|0.0|0.0|0.0|0.0|0.0|0.0|0.0|0.0|0.0|0.3|1.3|1.3|1.3|
0.0|0.0|0.0|0.0|0.0|0.0|0.0|0.0|0.0|0.0|0.0|0.0|0.0|0.0|0.0|0.0|0.0|0.0|0.0|0.0|0.0|0.0|0.0|0.0|0.3|1.3|
0.0|0.0|0.0|0.0|0.0|0.0|0.0|0.0|0.0|0.0|0.0|0.0|0.0|0.0|0.0|0.0|0.0|0.0|0.0|0.0|0.0|0.0|0.0|0.0|0.0|0.0|
0.0|0.0|0.0|0.0|0.0|0.0|0.0|0.0|0.0|0.0|0.0|0.0|0.0|0.0|0.0|0.0|0.0|0.0|0.0|0.0|0.0|0.0|0.0|0.0|0.0|0.0|
0.0|0.0|0.0|0.0|0.0|0.0|0.0|0.0|0.0|0.0|0.0|0.0|0.0|0.0|0.0|0.0|0.0|0.0|0.0|0.0|0.0|0.0|0.0|0.0|0.0|0.0|
0.0|0.0|0.0|0.0|0.0|0.0|0.0|0.0|0.0|0.0|0.0|0.0|0.0|0.0|0.0|0.0|0.0|0.0|0.0|0.0|0.0|0.0|0.0|0.0|0.0|0.0|
0.0|0.0|0.0|0.0|0.0|0.0|0.0|0.0|0.0|0.0|0.0|0.0|0.0|0.0|0.0|0.0|0.0|0.0|0.0|0.0|0.0|0.0|0.0|0.0|0.0|0.0|
0.0|0.0|0.0|0.0|0.0|0.0|0.0|0.0|0.0|0.0|0.0|0.0|0.0|0.0|0.0|0.0|0.0|0.0|0.0|0.0|0.0|0.0|0.0|0.0|0.0|0.0|
0.0|0.0|0.0|0.0|0.0|0.0|0.0|0.0|0.5|0.5|0.2|0.2|0.0|0.0|0.0|0.0|0.0|0.0|0.0|0.0|0.0|0.0|0.0|0.0|0.0|0.0|
0.0|0.0|0.0|0.0|0.0|0.0|0.0|0.5|0.5|1.5|1.2|1.2|0.2|0.0|0.0|0.0|0.0|0.0|0.0|0.0|0.0|0.0|0.0|0.0|0.0|0.0|
0.0|0.0|0.0|0.0|0.0|0.0|0.5|0.5|1.5|1.5|1.5|1.2|1.2|0.2|0.0|0.0|0.0|0.0|0.0|0.0|0.0|0.0|0.0|0.0|0.0|0.0|
0.0|0.0|0.0|0.0|0.0|0.0|0.5|1.5|2.5|1.5|1.5|1.2|1.2|1.2|0.2|0.0|0.0|0.0|0.0|0.0|0.0|0.0|0.0|0.0|0.0|0.0|
0.0|0.0|0.0|0.0|0.0|0.5|0.5|2.5|2.5|1.5|1.5|1.5|1.2|1.2|1.2|0.0|0.0|0.0|0.0|0.0|0.0|0.0|0.0|0.0|0.0|0.0|
0.0|0.0|0.0|0.5|0.5|0.5|1.5|2.5|2.5|2.5|1.5|1.5|1.2|1.2|1.2|0.2|0.2|0.2|0.2|0.2|0.0|0.0|0.0|0.0|0.0|0.0|
1.0|1.0|1.5|1.5|1.5|2.5|2.5|2.5|2.5|2.5|2.5|1.5|1.5|1.2|1.2|1.2|1.2|1.2|1.2|1.2|0.2|0.2|0.0|0.0|0.0|0.0|
2.0|2.5|2.5|2.5|2.5|3.5|3.5|3.5|3.5|2.5|2.5|2.5|1.5|1.5|1.2|1.2|1.2|1.2|1.2|1.2|1.2|1.2|0.2|0.0|0.0|0.0|
2.0|2.5|2.5|2.5|3.5|3.5|3.5|3.5|3.5|3.5|3.5|2.5|2.5|1.5|1.2|1.2|1.2|1.2|1.2|1.2|1.2|1.2|1.2|0.2|0.0|0.0|
4.5|4.5|4.5|4.5|4.5|4.5|4.5|4.5|4.5|4.5|3.5|2.5|2.5|1.5|1.5|1.2|1.2|1.2|1.2|1.2|1.2|1.2|1.2|1.2|0.2|0.0|
4.5|4.5|4.5|4.5|4.5|4.5|4.5|4.5|4.5|4.5|3.5|2.5|2.5|1.5|1.5|1.2|1.2|1.2|1.2|1.2|1.2|1.2|1.2|1.2|1.2|0.0|