4.5|4.5|4.5|4.5|4.5|4.5|4.5|4.5|4.5|4.5|3.5|2.5|2.5|1.5|1.2|1.2|1.2|1.2|1.2|1.2|1.2|1.2|1.2|1.2|1.2|0.2|
4.5|4.5|4.5|4.5|4.5|4.5|4.5|4.5|4.5|4.5|3.5|2.5|2.5|1.2|1.2|1.2|1.2|1.2|1.2|1.2|1.2|1.2|1.2|1.2|1.2|1.2|
4.5|4.5|4.5|4.5|4.5|4.5|4.5|3.5|3.5|3.5|3.5|2.5|1.2|1.2|1.2|1.2|1.2|1.2|1.2|1.2|1.2|1.2|1.2|1.2|1.2|1.2|
4.5|4.5|4.5|4.5|4.5|4.5|4.5|3.5|3.5|3.5|2.5|1.2|1.2|1.2|1.2|1.2|1.2|1.2|1.2|1.2|1.2|1.2|1.2|1.2|1.2|1.2|
3.5|3.5|3.5|3.5|3.5|3.5|3.5|3.5|3.5|3.2|1.2|1.2|1.2|1.2|1.2|1.2|1.2|1.2|1.2|1.2|1.2|1.2|1.2|1.2|1.2|1.2|
3.5|3.5|3.5|3.5|3.5|3.5|3.5|3.5|3.2|2.2|1.2|1.2|1.2|1.2|1.2|1.2|1.2|1.2|1.2|1.2|1.2|1.2|1.2|1.2|1.2|1.2|
3.5|3.5|3.5|3.5|3.5|2.5|2.5|2.2|2.2|2.2|1.2|1.2|1.2|1.2|1.2|1.2|1.2|1.2|1.2|1.2|1.2|1.2|1.2|1.2|1.2|1.2|
2.5|2.5|2.5|2.5|2.5|2.5|1.2|1.2|2.2|1.2|1.2|1.2|1.2|1.2|1.2|1.2|1.2|1.2|1.2|1.2|1.2|1.2|1.2|1.2|1.2|1.2|
1.2|1.5|2.5|2.5|1.5|1.2|1.2|1.2|1.2|1.2|1.2|1.2|1.2|1.2|1.2|1.2|1.2|1.2|1.2|1.2|1.2|1.2|1.2|1.2|1.2|1.2|
1.2|1.2|1.5|1.5|1.2|1.2|1.2|1.2|1.2|1.2|1.2|1.2|1.2|1.2|1.2|1.2|1.2|1.2|1.2|1.2|1.2|1.2|1.2|1.2|1.2|1.2|
1.2|1.2|1.2|1.2|1.2|1.2|1.2|1.2|1.2|1.2|1.2|1.2|1.2|1.2|1.2|1.2|1.2|1.2|1.2|1.2|1.2|1.2|1.2|1.2|1.2|1.2|
1.2|1.2|1.2|1.2|1.2|1.2|1.2|1.2|1.2|1.2|1.2|1.2|1.2|1.2|1.2|1.2|1.2|1.2|1.2|1.2|1.2|1.2|1.2|1.2|1.2|1.2|
1.2|1.2|1.2|1.2|1.2|1.2|1.2|1.2|1.2|1.2|1.2|1.2|1.2|1.2|1.2|1.2|1.2|1.2|1.2|1.2|1.2|1.2|1.2|1.2|1.2|1.2|
1.2|1.2|1.2|1.2|1.2|1.2|1.2|1.2|1.2|1.2|1.2|1.2|1.2|1.2|1.2|1.2|1.2|1.2|1.2|1.2|1.2|1.2|1.2|1.2|1.2|1.2|
1.2|1.2|1.2|1.2|1.2|1.2|1.2|1.2|1.2|1.2|1.2|1.2|1.2|1.2|1.2|1.2|1.2|1.2|1.2|1.2|1.2|1.2|1.2|1.2|1.2|1.2|
1.2|1.2|1.2|1.2|1.2|1.2|1.2|1.2|1.2|1.2|1.2|1.2|1.2|1.2|1.2|1.2|1.5|1.5|1.5|1.2|1.2|1.2|1.2|1.2|1.2|1.2|
1.2|1.2|1.2|1.2|1.2|1.2|1.2|1.2|1.2|1.2|1.2|1.2|1.2|1.2|1.2|1.5|1.5|1.5|1.5|1.5|1.2|1.2|1.2|1.2|1.2|1.2|
1.2|1.2|1.2|1.2|1.2|1.2|1.2|1.2|1.2|1.2|1.2|1.2|1.2|1.2|1.2|1.5|1.5|1.5|1.5|1.5|1.2|1.2|1.2|1.2|1.2|1.2|
1.2|1.2|1.2|1.2|1.2|1.2|1.2|1.2|1.2|1.2|1.2|1.2|1.2|1.2|1.2|1.5|1.5|1.5|1.5|1.5|1.2|1.2|1.2|1.2|1.2|1.2|
1.2|1.2|1.2|1.2|1.2|1.2|1.2|1.2|1.2|1.2|1.2|1.2|1.2|1.2|1.2|1.2|1.5|1.5|1.5|1.2|1.2|1.2|1.2|1.2|1.2|1.2|
1.2|1.2|1.2|1.2|1.2|1.2|1.5|1.5|1.5|1.2|1.2|1.2|1.2|1.2|1.2|1.2|1.2|1.2|1.2|1.2|1.2|1.2|1.2|1.2|1.2|1.2|
1.2|1.2|1.2|1.2|1.2|1.5|1.5|1.5|1.5|1.5|1.2|1.2|1.2|1.2|1.2|1.2|1.2|1.2|1.2|1.2|1.2|1.2|1.2|1.2|1.2|1.2|
1.2|1.2|1.2|1.2|1.2|1.5|1.5|1.5|1.5|1.5|1.2|1.2|1.2|1.2|1.2|1.2|1.2|1.2|1.2|1.2|1.2|1.2|1.2|1.2|1.2|1.2|
1.2|1.2|1.2|1.2|1.2|1.5|1.5|1.0|1.5|1.5|1.2|1.2|1.2|1.2|1.2|1.2|1.2|1.2|1.2|1.2|1.2|1.2|1.2|1.2|1.2|1.2|
1.2|1.2|1.2|1.2|1.2|1.2|1.5|1.5|1.5|1.2|1.2|1.2|1.2|1.2|1.2|1.2|1.2|1.2|1.2|1.2|1.2|1.2|1.2|1.2|1.2|1.2|
1.2|1.2|1.2|1.2|1.2|1.2|1.5|1.5|1.5|1.2|1.2|1.2|1.2|1.2|1.2|1.2|1.2|1.2|1.2|1.2|1.2|1.2|1.2|1.2|1.2|1.2|