0.0|0.0|0.0|0.0|0.0|0.6|1.6|1.6|1.6|1.6|1.6|1.6|1.6|1.6|1.6|1.6|1.6|1.6|1.6|1.6|1.6|1.6|1.2|1.2|1.2|1.2|
0.0|0.0|0.0|0.0|0.0|0.6|1.6|1.6|1.6|1.6|1.6|1.6|1.6|1.6|1.6|1.6|1.6|1.6|1.6|1.6|1.6|1.2|1.2|1.2|1.2|1.2|
0.0|0.0|0.0|0.0|0.0|0.0|0.6|1.6|1.6|1.6|1.6|1.6|1.6|1.6|1.6|1.6|1.6|1.6|1.6|1.6|1.6|1.2|1.2|1.2|1.2|1.2|
0.0|0.0|0.0|0.0|0.0|0.0|0.0|0.6|1.6|1.6|1.6|1.6|1.6|1.6|1.6|1.6|1.6|1.6|1.6|1.6|1.6|1.2|1.2|1.2|1.2|1.2|
0.0|0.0|0.0|0.0|0.0|0.0|0.0|0.0|0.0|0.6|1.6|1.6|1.6|1.6|1.6|1.6|1.6|1.6|1.6|1.6|1.6|1.2|1.2|1.2|1.2|1.2|
0.0|0.0|0.0|0.0|0.0|0.0|0.0|0.0|0.0|0.0|0.6|1.6|1.6|1.6|1.6|1.6|1.6|1.6|1.6|1.6|1.2|1.2|1.2|1.2|1.2|1.2|
0.0|0.0|0.0|0.0|0.0|0.0|0.0|0.0|0.0|0.0|0.0|0.6|1.6|1.6|1.6|1.6|1.6|1.6|1.6|1.6|1.2|1.2|1.2|1.2|1.2|1.2|
0.0|0.0|0.0|0.0|0.0|0.0|0.0|0.0|0.0|0.0|0.0|0.0|0.6|1.6|1.6|1.6|1.6|1.6|1.6|1.2|1.2|1.2|1.2|1.2|1.2|1.2|
0.0|0.0|0.0|0.0|0.0|0.0|0.0|0.0|0.0|0.0|0.0|0.0|0.0|0.0|0.6|1.6|1.6|1.6|1.6|1.2|1.2|1.2|1.2|1.2|1.2|1.2|
0.0|0.0|0.0|0.0|0.0|0.0|0.0|0.0|0.0|0.0|0.0|0.0|0.0|0.0|0.0|0.0|0.0|0.6|1.6|1.2|1.2|1.2|1.2|1.2|1.2|1.2|
0.0|0.0|0.0|0.0|0.0|0.0|0.0|0.0|0.0|0.0|0.0|0.0|0.0|0.0|0.0|0.0|0.0|0.0|0.0|0.0|0.2|1.2|1.2|1.2|1.4|1.4|
0.0|0.0|0.0|0.0|0.0|0.0|0.0|0.0|0.0|0.0|0.0|0.0|0.0|0.0|0.0|0.0|0.0|0.0|0.0|0.0|0.2|1.2|1.4|1.4|1.4|1.4|
0.0|0.0|0.0|0.0|0.0|0.0|0.0|0.0|0.0|0.0|0.0|0.0|0.0|0.0|0.0|0.0|0.0|0.0|0.0|0.0|0.2|1.4|1.4|1.4|1.4|2.4|
0.0|0.0|0.0|0.0|0.0|0.0|0.0|0.0|0.0|0.0|0.0|0.0|0.0|0.0|0.0|0.0|0.0|0.0|0.0|0.0|0.0|0.4|1.4|2.4|2.4|2.4|
0.0|0.0|0.0|0.0|0.0|0.0|0.0|0.0|0.0|0.0|0.0|0.0|0.0|0.0|0.0|0.0|0.0|0.0|0.0|0.0|0.0|0.4|1.4|2.4|2.4|2.4|
0.0|0.0|0.0|0.0|0.0|0.0|0.0|0.0|0.0|0.0|0.0|0.0|0.0|0.0|0.0|0.0|0.0|0.0|0.0|0.0|0.0|0.4|1.4|1.4|2.4|2.4|
0.0|0.0|0.0|0.0|0.0|0.0|0.0|0.0|0.0|0.0|0.0|0.0|0.0|0.0|0.0|0.0|0.0|0.0|0.0|0.0|0.0|0.0|0.4|1.4|2.4|2.4|
0.0|0.0|0.0|0.0|0.0|0.0|0.0|0.0|0.0|0.0|0.0|0.0|0.0|0.0|0.0|0.0|0.0|0.0|0.0|0.0|0.0|0.0|0.4|1.4|2.4|2.4|
0.0|0.0|0.0|0.0|0.0|0.0|0.0|0.0|0.0|0.0|0.0|0.0|0.0|0.0|0.0|0.0|0.0|0.0|0.0|0.0|0.0|0.0|0.0|0.4|1.4|2.4|
0.0|0.0|0.0|0.0|0.0|0.0|0.0|0.0|0.0|0.0|0.0|0.0|0.0|0.0|0.0|0.0|0.0|0.0|0.0|0.0|0.0|0.0|0.0|0.0|0.4|2.4|
0.0|0.0|0.0|0.0|0.0|0.0|0.0|0.0|0.0|0.0|0.0|0.0|0.0|0.0|0.0|0.0|0.0|0.0|0.0|0.0|0.0|0.0|0.0|0.0|0.0|0.0|
0.0|0.0|0.0|0.0|0.0|0.0|0.0|0.0|0.0|0.0|0.0|0.0|0.0|0.0|0.0|0.0|0.0|0.0|0.0|0.0|0.0|0.0|0.0|0.0|0.0|0.0|
0.0|0.0|0.0|0.0|0.0|0.0|0.0|0.0|0.0|0.0|0.0|0.0|0.0|0.0|0.0|0.0|0.0|0.0|0.0|0.0|0.0|0.0|0.0|0.0|0.0|0.0|
0.0|0.0|0.0|0.0|0.0|0.0|0.0|0.0|0.0|0.0|0.0|0.0|0.0|0.0|0.0|0.0|0.0|0.0|0.0|0.0|0.0|0.0|0.0|0.0|0.0|0.0|
0.0|0.0|0.0|0.0|0.0|0.0|0.0|0.0|0.0|0.0|0.0|0.0|0.0|0.0|0.0|0.0|0.0|0.0|0.0|0.0|0.0|0.0|0.0|0.0|0.0|0.0|
0.0|0.0|0.0|0.0|0.0|0.0|0.0|0.0|0.0|0.0|0.0|0.0|0.0|0.0|0.0|0.0|0.0|0.0|0.0|0.0|0.0|0.0|0.0|0.0|0.0|0.0|