1.2|1.2|1.2|1.2|1.2|1.2|2.4|2.4|3.4|3.4|4.4|4.4|4.4|4.4|0.0|0.0|0.0|0.0|0.0|0.0|0.0|0.0|0.0|0.0|0.0|0.0|
1.2|1.2|1.2|1.2|1.2|1.2|2.4|2.4|3.4|3.4|4.4|4.4|4.4|4.4|0.0|0.0|0.0|0.0|0.0|0.0|0.0|0.0|0.0|0.0|0.0|0.0|
1.2|1.2|1.2|1.2|1.2|2.4|2.4|3.4|4.4|4.4|4.4|4.4|4.4|0.0|0.0|0.0|0.0|0.0|0.0|0.0|0.0|0.0|0.0|0.0|0.0|0.0|
1.2|1.2|1.2|1.2|1.2|2.4|3.4|3.4|4.4|3.4|4.4|4.4|0.0|0.0|0.0|0.0|0.0|0.0|0.0|0.0|0.0|0.0|0.0|0.0|0.0|0.0|
1.2|1.2|1.2|1.2|2.4|3.4|3.4|3.4|3.4|4.4|4.4|0.0|0.0|0.0|0.0|0.0|0.0|0.0|0.0|0.0|0.0|0.0|0.0|0.0|0.0|0.0|
1.2|1.2|2.4|2.4|3.4|4.4|4.4|4.4|4.4|4.4|0.0|0.0|0.0|0.0|0.0|0.0|0.0|0.0|0.0|0.0|0.0|0.0|0.0|0.0|0.0|0.0|
1.4|2.4|2.4|2.4|3.4|4.4|5.4|5.4|4.4|4.4|0.0|0.0|0.0|0.0|0.0|0.0|0.0|0.0|0.0|0.0|0.0|0.0|0.0|0.0|0.0|0.0|
2.4|2.4|3.4|4.4|4.4|5.4|5.4|5.4|4.4|0.0|0.0|0.0|0.0|0.0|0.0|0.0|0.0|0.0|0.0|0.0|0.0|0.0|0.0|0.0|0.0|0.0|
2.4|2.4|3.4|4.4|4.4|5.4|5.4|5.4|4.4|0.0|0.0|0.0|0.0|0.0|0.0|0.0|0.0|0.0|0.0|0.0|0.0|0.0|0.0|0.0|0.0|0.0|
3.4|3.4|3.4|4.4|4.4|5.4|5.4|5.4|4.4|0.0|0.0|0.0|0.0|0.0|0.0|0.0|0.0|0.0|0.0|0.0|0.0|0.0|0.0|0.0|0.0|0.0|
3.4|3.4|3.4|5.4|5.4|6.4|6.4|6.4|4.4|0.0|0.0|0.0|0.0|0.0|0.0|0.0|0.0|0.0|0.0|0.0|0.0|0.0|0.0|0.0|0.0|0.0|
3.4|3.4|4.4|5.4|7.4|6.4|7.4|7.4|4.4|0.0|0.0|0.0|0.0|0.0|0.0|0.0|0.0|0.0|0.0|0.0|0.0|0.0|0.0|0.0|0.0|0.0|
3.4|3.4|4.4|6.4|9.4|7.4|7.4|7.4|4.4|0.4|0.0|0.0|0.0|0.0|0.0|0.0|0.0|0.0|0.0|0.0|0.0|0.0|0.0|0.0|0.0|0.0|
3.4|4.4|4.4|6.4|7.4|6.4|6.4|6.4|4.4|4.4|0.4|0.0|0.0|0.0|0.0|0.0|0.0|0.0|0.0|0.0|0.0|0.0|0.0|0.0|0.0|0.0|
3.4|4.4|4.4|6.4|7.4|6.4|5.4|4.4|4.4|0.0|0.0|0.0|0.0|0.0|0.0|0.0|0.0|0.0|0.0|0.0|0.0|0.0|0.0|0.0|0.0|0.0|
6.4|6.4|6.4|6.4|7.4|6.4|5.4|5.4|5.4|4.4|4.4|0.4|0.0|0.0|0.0|0.0|0.0|0.0|0.0|0.0|0.0|0.0|0.0|0.0|0.0|0.0|
6.4|6.4|7.4|6.4|6.4|6.4|6.4|5.4|5.4|5.4|5.4|4.4|4.4|0.0|0.0|0.0|0.0|0.0|0.0|0.0|0.0|0.0|0.0|0.0|0.0|0.0|
6.4|6.4|7.4|6.4|6.4|7.4|7.4|5.4|5.4|5.4|5.4|4.4|4.4|0.4|0.0|0.0|0.0|0.0|0.0|0.0|0.0|0.0|0.0|0.0|0.0|0.0|
6.4|6.4|6.4|6.4|6.4|8.4|7.4|4.4|6.4|6.4|5.4|5.4|4.4|4.4|3.4|0.0|0.0|0.0|0.0|0.0|0.0|0.0|0.0|0.0|0.0|0.0|
6.4|6.4|6.4|6.4|6.4|6.4|6.4|5.4|6.4|6.4|7.4|5.4|5.4|4.4|0.0|0.0|0.0|0.0|0.0|0.0|0.0|0.0|0.0|0.0|0.0|0.0|
6.4|6.4|6.4|6.4|5.4|6.4|6.4|5.4|5.4|5.4|4.4|4.4|0.4|0.0|0.0|0.0|0.0|0.0|0.0|0.0|0.0|0.0|0.0|0.0|0.0|0.0|
5.4|5.4|6.4|6.4|5.4|6.4|6.4|6.4|7.4|7.4|7.4|6.4|5.4|4.4|0.0|0.0|0.0|0.0|0.0|0.0|0.0|0.0|0.0|0.0|0.0|0.0|
5.4|5.4|5.4|5.4|5.4|7.4|6.4|6.4|6.4|7.4|8.4|7.4|5.4|4.4|0.4|0.0|0.0|0.0|0.0|0.0|0.0|0.0|0.0|0.0|0.0|0.0|
5.4|6.4|6.4|5.4|6.4|7.4|7.4|7.4|6.4|6.4|6.4|7.4|5.4|4.4|4.4|0.0|0.0|0.0|0.0|0.0|0.0|0.0|0.0|0.0|0.0|0.0|
6.4|7.4|6.4|6.4|6.4|7.4|7.4|7.4|6.4|7.4|6.4|8.4|6.4|4.4|4.4|0.0|0.0|0.0|0.0|0.0|0.0|0.0|0.0|0.0|0.0|0.0|
6.4|6.4|6.4|7.4|7.4|7.4|8.4|8.4|7.4|7.4|7.4|7.4|6.4|4.4|4.4|0.0|0.0|0.0|0.0|0.0|0.0|0.0|0.0|0.0|0.0|0.0|