0.4|2.4|2.4|4.4|6.4|7.4|8.4|9.4|10.4|8.4|8.4|8.4|8.4|8.4|8.4|8.4|9.4|10.4|11.4|12.4|13.4|12.4|11.4|10.4|9.4|9.4|
3.4|4.4|4.4|4.4|6.4|7.4|8.4|10.4|11.4|10.4|8.4|8.4|8.4|8.4|8.4|8.4|9.4|10.4|11.4|12.4|13.4|12.4|11.4|10.4|9.4|9.4|
3.4|4.4|4.4|7.4|9.4|10.4|11.4|12.4|13.4|10.4|8.4|8.4|8.4|8.4|8.4|8.4|9.4|10.4|11.4|12.4|13.4|12.4|10.4|9.4|7.4|7.4|
3.4|4.4|4.4|7.4|9.4|11.4|13.4|14.4|15.4|10.4|8.4|8.4|8.4|8.4|8.4|8.4|9.4|10.4|11.4|12.4|13.4|12.4|10.4|9.4|7.4|7.4|
3.4|4.4|5.4|7.4|9.4|11.4|13.4|14.4|16.4|9.4|7.4|7.4|7.4|7.4|7.4|7.4|8.4|9.4|10.4|11.4|12.4|10.4|9.4|7.4|6.4|6.4|
3.4|4.4|5.4|7.4|10.4|12.4|14.4|16.4|17.4|9.4|7.4|7.4|7.4|7.4|7.4|7.4|8.4|9.4|10.4|11.4|12.4|10.4|8.4|7.4|5.4|5.4|
2.4|2.4|3.4|5.4|6.4|7.4|10.4|11.4|11.4|9.4|7.4|7.4|7.4|7.4|7.4|7.4|8.4|9.4|10.4|11.4|12.4|10.4|8.4|7.4|5.4|5.4|
2.4|2.4|3.4|5.4|6.4|7.4|10.4|11.4|11.4|9.4|7.4|7.4|7.4|7.4|7.4|7.4|8.4|9.4|10.4|11.4|12.4|10.4|8.4|7.4|6.4|6.4|
1.4|1.4|3.4|5.4|6.4|7.4|9.4|11.4|11.4|9.4|7.4|7.4|7.4|7.4|7.4|7.4|8.4|9.4|10.4|10.4|10.4|9.4|8.4|7.4|6.4|6.4|
1.4|1.4|2.4|4.4|5.4|6.4|6.4|9.4|9.4|7.4|5.4|5.4|5.4|5.4|5.4|5.4|6.4|7.4|8.4|9.4|10.4|9.4|7.4|4.4|3.4|3.4|
0.4|1.4|1.4|2.4|3.4|4.4|5.4|8.4|8.4|6.4|4.4|4.4|4.4|4.4|4.4|4.4|5.4|6.4|7.4|8.4|9.4|7.4|5.4|3.4|3.4|3.4|
0.0|0.4|1.4|1.4|2.4|3.4|4.4|7.4|7.4|5.4|3.4|3.4|3.4|3.4|3.4|1.4|1.4|2.4|3.4|4.4|5.4|4.4|2.4|2.4|1.4|1.4|
0.0|0.0|0.4|1.4|1.4|2.4|3.4|4.4|6.4|4.4|2.4|2.4|2.4|2.4|2.4|1.4|1.4|1.4|2.4|2.4|2.4|1.4|2.4|1.4|1.4|1.4|
0.0|0.0|0.0|0.4|1.4|1.4|1.4|2.4|6.4|4.4|2.4|2.4|2.4|2.4|2.4|1.4|1.4|1.4|1.4|1.4|1.4|1.4|1.4|0.0|0.0|0.4|
0.0|0.0|0.0|0.0|0.0|0.4|1.4|1.4|4.4|2.4|1.4|1.4|1.4|1.4|1.4|1.4|1.4|1.4|1.4|1.4|0.0|0.0|0.0|0.0|0.0|0.4|
0.0|0.0|0.0|0.0|0.0|0.0|0.0|0.0|0.0|0.0|0.0|0.0|0.0|0.0|0.0|0.0|0.0|0.0|0.0|0.0|0.0|0.0|0.0|0.0|0.0|0.0|
0.0|0.0|0.0|0.0|0.0|0.0|0.0|0.0|0.0|0.0|0.0|0.0|0.0|0.0|0.0|0.0|0.0|0.0|0.0|0.0|0.0|0.0|0.0|0.0|0.0|0.0|
0.0|0.0|0.0|0.0|0.0|0.0|0.0|0.0|0.0|0.0|0.0|0.0|0.0|0.0|0.0|0.0|0.0|0.0|0.0|0.0|0.0|0.0|0.0|0.0|0.0|0.0|
0.0|0.0|0.0|0.0|0.0|0.0|0.0|0.0|0.0|0.0|0.0|0.0|0.0|0.0|0.0|0.0|0.0|0.0|0.0|0.0|0.0|0.0|0.0|0.0|0.0|0.0|
0.0|0.0|0.0|0.0|0.0|0.0|0.0|0.0|0.0|0.0|0.0|0.0|0.0|0.0|0.0|0.0|0.0|0.0|0.0|0.0|0.0|0.0|0.0|0.0|0.0|0.0|
0.0|0.0|0.0|0.0|0.0|0.0|0.0|0.0|0.0|0.0|0.0|0.0|0.0|0.0|0.0|0.0|0.0|0.0|0.0|0.0|0.0|0.0|0.0|0.0|0.0|0.0|